1.09082	-0.127385	0.0236175	0.0169618	0.0845519	0.0410034	0.0382637	-0.0346388	0.0747416	-0.099965	-0.00839462	0.0716546	0.0568211	0.00184002	0.0340297	-0.0729657	0.115757	-0.0232058	-0.064487	0.073433	-0.0692279	0.0554085	0.214867	0.0258672	-0.0725076	-0.132197	0.0466396	0.00459193	-0.0753974	0.0251929	-0.0588469	-0.0322774	0.00115087	-0.0913013	0.00196742	-0.0290415	-0.0847976	0.0491539	-0.04699	-0.0324109	-0.0163938	0.0101454	-0.00663355	-0.0297856	0.0374701	0.107841	-0.00898273	-0.125437	0.01746	-0.0770747	-0.0481107	0.0378051	-0.118713	0.0292477	0.0767393	-0.0265897	-0.0880024	-0.0455891	0.00495267	0.212828	0.028955	0.100515	-0.102424	-0.119477	0.238986	-0.0257468	-0.105953	-0.0378677	0.0435596	-0.0485668	0.114266	-0.0301095	-0.03363	0.102074	0.00133114	-0.011315	-0.0482031	0.0748365	0.0315541	0.0200841	-0.105091	0.0179751	-0.0215491	-0.0186121	0.0952914	-0.0508707	-0.0702581	0.104255	-0.02226	0.01112	-0.0307419	-0.0243004	0.0738858	-0.0652688	-0.0381126	-0.131579	-0.160852	-0.109688	0.0765049	-0.107117	-0.10528	-0.0676932	0.0570112	-0.0334645	0.0151282	-0.000869193	-0.0958838	-0.133148	0.0203995	-0.0721666	0.0653566	0.0630434	0.12879	-0.0395515	-0.0529135	-0.10843	-0.00299519	-0.130685	0.229587	0.0420252	0.095902	-0.0814018	0.0774645	0.0675038	0.0827362	-0.0471411	-0.0818481	-0.0609863	0.0372635	0.0565073	-0.136543	0.100946	-0.0490932	0.0931147	0.026953	-0.120644	0.0261566	-0.106568	-0.157527	-0.0338441	-0.0964095	-0.00421986	-0.0374186	-0.0393323	0.04097	-0.0443316	0.0111591	0.0184695	0.0941866	0.0250758	-0.00433017	0.0196514	-0.0339866	0.0531261	-0.010049	-0.129165
-0.127385	1.11311	-0.0814606	-0.00746492	-0.0698865	-0.130368	-0.0262301	-0.041902	-0.0593167	0.022509	-0.0351476	-0.1479	-0.0443062	-0.190425	-0.104806	0.00986894	-0.0480909	0.0253249	-0.0747307	-0.0709552	-0.0281171	0.0144222	-0.161071	-0.0113573	0.0179451	0.152285	-0.120185	-0.142572	0.0169268	-0.0112299	0.0608833	-0.0141637	0.0896657	0.0981078	-0.120131	0.0942337	-0.0384039	-0.0408	-0.0174044	-0.12154	0.016343	-0.0560825	0.159257	0.190094	-0.145837	-0.0886358	-0.163588	-0.0203093	0.0969844	0.114107	-0.0608369	-0.0502118	-0.011689	-0.0989227	0.0479067	-0.0482214	0.00324514	-0.0714175	-0.00468275	-0.0920061	-0.0707527	0.0386222	0.00564244	0.0443845	-0.0511026	-0.0263738	0.0438937	0.0887522	0.150208	0.0113544	-0.0816518	0.100791	-0.000620045	-0.049149	-0.0636557	-0.117491	-0.0623402	-0.0128116	-0.0829101	0.0378834	-0.0129426	0.0535217	-0.0259374	-0.0515205	-0.0732205	0.0495689	0.11363	0.0227138	-0.0222383	-0.0555103	-0.0410551	-0.0728137	-0.099446	0.00908469	0.0141296	0.0340492	0.0908964	-0.0164409	0.014605	0.016144	-0.0145059	0.144601	-0.0956749	0.0519495	-0.012777	-0.141755	0.0333454	0.092056	0.0348054	-0.0424882	-0.0803015	0.0163708	-0.0164986	0.119277	0.0974684	0.304267	-0.12808	0.233708	-0.0263946	0.166249	-0.0812082	0.000578301	-0.0712816	0.00536739	-0.143845	0.00895888	0.195522	0.00748401	-0.0575074	0.0444196	-0.0543116	0.0141873	-0.0738239	-0.0144867	-0.0983156	0.0616087	-0.0208334	-0.0432238	0.19275	0.00342466	0.228115	-0.150015	0.0366	0.0700192	-0.12035	-0.10011	0.00103686	0.110378	0.0209024	-0.148204	0.0277028	-0.0372914	-0.0733262	-0.143039	0.163797	0.249657
0.0236175	-0.0814606	1.31076	-0.00105512	0.0647558	0.09364	-0.0361662	-0.0442433	0.0595667	0.00936377	-0.026234	0.0768024	0.0180868	0.0899031	0.0559556	-0.0243347	0.0208146	-0.0219093	-0.0371058	0.110119	-0.0152581	0.00403743	-0.0317653	-0.0715686	0.0121767	0.057073	0.0827543	-0.0109324	-0.00175117	0.0712684	0.227553	-0.0445171	-0.0657661	0.0466801	0.0224945	0.00571744	-0.123489	-0.065662	-0.0303068	0.0435507	-0.0246735	0.0213427	-0.0805209	-0.182163	0.0631818	0.0903218	0.0821517	0.0172827	-0.00498468	-0.127207	-0.020193	-0.00471273	-0.10814	-0.082493	-0.0278044	-0.00476177	-0.0878819	-0.0540894	-0.0372888	0.0422834	0.0235453	-0.077884	-0.0291218	-0.159448	-0.0620867	-0.0277513	0.117507	0.116676	0.0626358	0.152045	-0.0734206	-0.123204	0.056691	-0.00204747	-0.0232936	0.0289328	0.0997679	-0.0893414	-0.100215	0.00284999	-0.0757689	-0.0777611	-0.0445238	0.00402558	-0.00416134	-0.0486467	-0.108352	-0.00450674	-0.0522383	-0.0370361	-0.0560948	-0.032375	-0.0345008	0.00249009	-0.0186187	0.00884145	-0.14492	-0.13917	-0.0631533	-0.081741	-0.106615	-0.0813742	0.0080186	-0.00800244	0.000700684	-0.095358	-0.103047	-0.040752	0.0114677	-0.049626	0.0115653	0.185208	-0.0121185	-0.0710776	-0.0806195	0.0330347	-0.0889601	-0.0334531	0.175175	-0.106303	-0.00468882	0.145356	0.0286498	0.218932	0.209728	0.0620727	-0.00656474	-0.0273801	0.00639245	-0.0535652	-0.125976	0.0120414	0.104633	0.021483	0.0305807	-0.0166402	0.0201203	-0.0595462	-0.0659644	-0.0678522	-0.0875924	0.0242134	0.0144162	-0.100121	0.068248	-0.0505089	-0.0345311	0.0290304	-0.00651484	0.02084	0.0378517	-0.0144347	0.0920475	0.0655111	-0.0788143	-0.103464
0.0169618	-0.00746492	-0.00105512	1.18092	0.141499	0.003837	0.0430196	-0.0222773	-0.102864	0.142404	-0.0562992	-0.0886973	-0.0280166	0.092212	-0.0511796	-0.0675136	0.110603	-0.0546782	0.0650768	-0.0144673	0.0110761	0.0537413	-0.000877711	0.0531111	-0.122543	0.0171786	-0.0800167	-0.0319486	-0.0189792	0.0326692	0.0533561	-0.0684327	-0.0137006	-0.0214139	-0.0938935	0.0814163	-0.0375496	0.010549	-0.027822	-0.162345	-0.0381051	-0.0710026	-0.00194859	0.103775	0.0904336	-0.0504987	-0.0738957	0.0745785	0.0412913	0.00849274	0.0224295	-0.11731	-0.0917183	-0.129622	-0.0313598	0.0185986	0.0352801	-0.0697365	-0.0599464	0.0483937	-0.0754679	0.0769124	-0.0697489	0.186747	-0.0731602	-0.106466	0.0105924	0.017818	0.13966	-0.107628	0.0377866	-0.0379729	-0.0448465	0.0415285	-0.0579556	-0.0337583	-0.0437091	-0.0920537	-0.0143992	-0.0175245	-0.0854078	0.0314382	-0.0464214	-0.0596293	-0.0882866	-0.0471591	0.026152	-0.0940907	-0.0965459	0.0164339	0.00434576	-0.0176168	0.0193255	-0.0459267	-0.124895	-0.0450681	-0.0290121	-0.0399416	0.0207657	0.0415085	0.0145472	0.0260151	-0.0107609	-0.0815112	-0.0185045	-0.0124022	-0.0601944	0.0144273	-0.0203631	0.0190103	-0.032871	0.0698641	0.0414743	0.0576251	0.096106	-0.0809743	0.00237448	0.0158388	-0.00335045	0.102846	-0.0930479	-0.0285801	-0.0411521	0.0726298	0.0532458	-0.0357741	0.0986552	0.0464563	-0.0175807	0.0944032	-0.028679	0.0193741	-0.100369	0.289939	-0.115404	0.110274	0.0139046	-0.045117	-0.031864	0.143045	0.0541065	-0.0428604	0.00635241	-0.0123231	-0.0190752	0.164398	-0.0962478	0.09337	-0.0336079	-0.099302	0.0432607	-0.0825082	-0.127365	-0.127028	-0.0658957	0.0612484
0.0845519	-0.0698865	0.0647558	0.141499	1.16664	-0.0577663	-0.00357182	-0.0131059	-0.0155598	0.0979296	0.106203	-0.0422567	-0.0299684	-0.0585415	-0.0827259	0.0751471	0.0108823	0.0493186	0.148302	-0.0295358	0.128438	-0.00185275	-0.0277968	0.102915	0.0905262	-0.108761	0.0185929	-0.0335796	0.00766272	0.0261688	0.068958	-0.022725	0.077566	-0.0691257	0.177696	-0.0927929	0.0889014	0.111133	0.113941	0.0447885	-0.0615341	-0.0269823	-0.0934113	-0.0341025	-0.0369255	-0.0731285	-0.045032	0.114772	-0.140207	0.0026054	-0.11106	0.00806909	0.0810283	0.0696596	-0.0625406	0.14391	-0.0307794	-0.163964	-0.0794589	0.0882565	-0.0314759	0.0937066	0.0610373	0.0281492	-0.0166305	-0.0695402	-0.0828945	-0.194414	0.00375045	-0.0884877	0.219268	-0.128088	-0.145843	-0.0176793	-0.0831839	-0.0519766	0.029251	-0.0111725	0.198459	-0.130726	0.15129	-0.0270681	-0.105457	0.0719511	-0.030052	-0.0265952	0.0361997	-0.115057	-0.0269445	-0.0260725	-0.124087	-0.0400865	0.0679218	-0.0635953	-0.0574764	0.0860908	0.0640624	0.0580848	-0.116652	0.162196	0.0171798	-0.0535635	0.0790312	-0.086992	-0.0935968	0.0579774	0.0296459	0.0742394	0.103414	0.0913691	-0.0234675	0.0201126	-0.0547815	-0.0682225	-0.152564	-0.106179	0.189326	-0.046575	-0.0242174	0.0361193	0.201043	0.00172307	-0.0215998	0.117105	0.054137	-0.0546299	-0.0979708	-0.145444	0.0170482	-0.00261452	0.0389222	0.0705822	-0.0562301	-0.00438301	-0.0747185	-0.133517	0.0191188	0.0611794	-0.106437	0.0193617	-0.0286551	-0.0227693	-0.0267726	0.0132173	-0.148218	-0.0829928	-0.0559898	-0.0937084	-0.115452	-0.0793925	-0.0489023	-0.0458454	-0.0839316	-0.117186	-0.123057	-0.150343
0.0410034	-0.130368	0.09364	0.003837	-0.0577663	1.2212	0.0446603	0.0319185	0.0127593	-0.135297	-0.0191418	0.0886152	-0.0525771	0.12273	-0.00880134	-0.0690376	-0.0363546	-0.0639952	-0.142143	0.0427207	-0.0772149	-0.0896841	0.0890504	0.132566	0.00856524	-0.0379556	0.0829472	-0.015855	0.0300818	-0.0549445	0.0212097	0.014603	0.0535249	-0.0958635	-0.0282913	-0.0269232	0.072845	-0.0906473	-0.0420426	0.0095914	-0.0858249	0.0658039	0.0417196	-0.152307	0.166171	0.0391464	0.147766	-0.110804	0.0589991	-0.027073	0.146319	-0.0139635	-0.103712	-0.0319509	-0.0372383	-0.0254483	-0.0571563	0.0719244	-0.0234327	-0.064874	0.168496	-0.0322693	-0.0796229	-0.0846926	0.0447725	0.0968455	-0.0696225	0.0763478	-0.126855	0.0478712	0.0712691	-0.124528	0.108271	-0.0259159	0.0295196	0.0948715	0.0306349	-0.0535801	-0.115543	-0.0672695	-0.0960276	-0.0315363	0.0578812	-0.0168823	0.236717	-0.0199895	-0.148358	0.0576047	-0.102963	0.00332948	0.0137872	-0.0656727	-0.0322661	-0.000660432	-0.0197264	-0.125513	-0.0823007	0.0684143	0.0677204	-0.0886266	-0.0393063	-0.149013	-0.066666	-0.00719113	-0.0035115	-0.0647893	-0.13122	-0.146593	-0.0883136	0.0129432	0.0265262	-0.0376588	0.0952884	-0.113693	-0.0708607	-0.10521	0.0143738	-0.147668	0.0484399	-0.121469	0.0846482	-0.0161842	0.0421549	0.0836516	0.050341	0.0097949	-0.145142	-0.0163784	0.0104233	0.075759	0.148312	0.0219323	-0.00491786	0.16352	-0.0194833	-0.0861761	-0.0093769	-0.00887138	-0.0359446	0.00182587	-0.0763656	0.0634695	-0.0165714	-0.070648	0.115193	-0.0634203	-0.0690772	-0.0937446	-0.0185921	0.0881418	-0.000355379	0.0412304	0.25272	0.0442814	0.00982101	-0.0921854
0.0382637	-0.0262301	-0.0361662	0.0430196	-0.00357182	0.0446603	1.0452	-0.00767882	-0.0443712	-0.063112	-0.0789731	0.082945	0.0740492	0.0399322	-0.122262	-0.156346	0.0789053	-0.0727026	-0.0254352	-0.1039	-0.107106	0.0856093	0.066945	0.0616893	-0.078926	-0.0244153	0.17271	-0.0450547	-0.0359508	-0.0202371	-0.0467871	0.0794171	-0.0211791	-0.0259024	-0.0709845	-0.0116763	-0.0667949	-0.066828	-0.107949	-0.0556398	-0.0495694	-0.0844902	-0.042839	0.0427774	0.155164	0.0125866	0.083698	-0.0910533	-0.00187865	-0.0190668	0.116185	-0.0547216	-0.0384769	-0.131647	-0.0634721	-0.132001	0.0329385	0.0657844	0.0202643	-0.0281773	-0.0305546	0.0898889	-0.0750881	0.0590137	-0.121228	0.0213518	-0.0180852	0.0276747	0.0122153	0.026761	-0.0464916	-0.00946864	-0.0430881	-0.0597837	-0.0506059	-0.0214046	0.120438	0.0527406	-0.162365	0.00893335	-0.099055	0.0721287	-0.0533429	0.0559274	0.0540513	0.000492274	-0.116236	-0.00648124	-0.0718336	-0.0230438	0.0274444	0.0756178	0.136889	0.0482654	-0.0437743	-0.104159	0.0246761	-0.0605952	0.190586	-0.0289371	0.0432149	0.0157603	-0.0147615	0.0842229	-0.0374563	-0.159125	-0.120394	0.0334063	-0.0658097	-0.0175816	0.0672682	-0.0255448	0.000970991	0.0526786	0.0733334	-0.00851258	-0.143509	0.0448667	-0.0293398	0.00744307	-0.0721464	0.0413252	-0.0807853	0.0640644	-0.0289238	0.0900844	0.0393586	0.0906184	0.0146402	-0.0102391	0.00630851	0.00945557	-0.119951	-0.0187201	-0.0240942	0.030462	0.017415	-0.101429	0.0290681	0.0337739	0.0307785	-0.0643114	0.0619637	-0.0475009	0.0181029	0.0239618	0.105699	0.0268068	-0.109138	0.0263433	-0.0503403	0.089377	0.0952996	-0.0532423	-0.0727824	0.0818432
-0.0346388	-0.041902	-0.0442433	-0.0222773	-0.0131059	0.0319185	-0.00767882	1.45364	0.161983	-0.03943	-0.05004	-0.0496894	0.0696444	0.0464199	0.0837861	-0.0329136	-0.0491071	-0.117314	-0.029294	-0.0087933	-0.0475383	0.0102079	-0.0517186	0.0211088	0.0131785	0.0399357	0.0376908	-0.0237411	-0.0833472	0.0197423	-0.0389093	0.219272	-0.0677172	0.0403153	-0.0946819	-0.0537945	0.145181	-0.0604434	-0.0979818	-0.0657813	0.0996671	-0.0838123	-0.077905	0.00724183	0.00156123	-0.0278961	-0.000831798	-0.0559473	-0.054411	-0.0488595	0.0367072	0.0192355	-0.0399253	-0.131272	0.108914	-0.0732744	0.0216044	-0.0262509	0.0224948	-0.0448015	-0.0203889	-0.0251532	-0.0672952	0.044732	0.0704233	0.03535	0.0636296	-0.0517413	-0.0176304	-0.0449842	-0.0241541	-0.0983471	-0.0140091	0.0130199	-0.140995	-0.110792	-0.0701675	0.031295	0.0494146	0.00184755	0.195591	0.0452557	0.00588801	-0.086696	-0.0198543	0.0217296	-0.123995	-0.033406	-0.00369438	0.119115	-0.0775858	0.0136792	-0.0791562	-0.0791002	0.0522287	-0.064817	-0.0610082	-0.0250242	0.0229808	-0.0161173	-0.0507199	-0.0676703	-0.027709	-0.0670188	-0.0492882	0.101389	-0.04503	0.056058	0.0851465	0.0339323	-0.0540055	-0.00920344	-0.0176601	-0.0384364	0.0259279	-0.0222454	-0.0114371	0.445314	0.0324188	-0.0333941	-0.0616644	-0.0275866	-0.0483122	-0.0606364	-0.148786	0.00927501	-0.0412616	-0.0704644	0.00482849	-0.0369583	-0.00348348	0.0456647	0.0458786	0.0354056	0.0436489	0.196491	0.0349053	-0.117512	-0.126849	-0.0316623	0.0301971	-0.112548	-0.070555	-0.0208006	-0.061064	0.157685	0.0148169	-0.0544821	-0.00095488	0.019571	-0.00725976	-0.0190849	0.00610404	-0.0241807	-0.0220083	-0.0202798
0.0747416	-0.0593167	0.0595667	-0.102864	-0.0155598	0.0127593	-0.0443712	0.161983	1.06091	-0.0045028	0.0114339	0.0924278	0.0502942	0.00471371	0.141809	0.0591134	-0.0332346	0.000226167	-0.03416	-0.0292252	-0.0127012	-0.0285565	0.0835085	-0.0672745	0.038493	-0.119376	0.0311624	0.012117	-0.0546275	0.0678354	-0.0114093	-0.0110558	-0.0496236	0.0764286	-0.00333481	-0.0789769	0.00639279	-0.0882744	-0.0333718	0.0726394	0.0117497	-0.0317608	-0.0494945	-0.0837796	0.00653518	-0.0138389	0.0280766	0.00962112	0.00694826	-0.0541804	-0.0550576	0.019369	-0.0613593	0.226951	0.0381169	-0.0425287	-0.0892426	-0.0188979	-0.000105429	0.0299293	0.0864949	-0.0464133	-0.0975134	-0.0981867	0.0394002	-0.00214357	0.101103	-0.0495642	-0.0409191	0.0456371	0.0223725	-0.127827	-0.0572299	-0.00954797	0.0753342	-0.0381146	-0.00119022	0.0374166	0.0304889	-0.0512448	0.0677195	0.0442561	0.0384401	-0.0736293	0.0946349	0.00627632	-0.0975795	0.0166129	-0.0437153	-0.0421985	-0.0394376	0.0208264	-0.064469	-0.0516357	0.00569568	-0.0488729	-0.035991	-0.0716616	0.0346721	-0.110431	-0.0774387	-0.054131	-0.0047332	-0.0970535	0.0191624	0.04961	-0.00422874	0.0261605	-0.0483119	-0.000814369	-0.0898721	-0.0466713	0.039598	-0.0815154	-0.0405678	-0.0286432	-0.0477038	0.03856	-0.00973276	-0.0819445	-0.0125894	-0.0906555	0.00134996	-0.0710745	0.0174857	0.0534777	-0.0954171	-0.133055	-0.0013672	-0.0269444	-0.0194946	0.0945138	0.244051	0.0514237	0.053228	0.032771	-0.0222165	0.114241	-0.114133	-0.0430289	-0.0810656	-0.025258	-0.105519	-0.0680674	0.074549	-0.0199208	0.0185571	-0.0310251	0.0373421	0.0688378	0.122945	0.027287	0.01013	0.0985702	-0.0482827	-0.132608
-0.099965	0.022509	0.00936377	0.142404	0.0979296	-0.135297	-0.063112	-0.03943	-0.0045028	1.15371	0.0623476	-0.149988	-0.110386	0.0451345	-0.0720631	0.233393	0.0320702	0.118057	0.217614	0.00681462	0.184879	0.0520617	-0.0310771	-0.00618706	0.172875	-0.0722967	-0.0775654	-0.0391354	0.0667549	0.160529	-0.049689	-0.0269891	0.0494469	0.033087	0.0526135	-0.026317	0.0808617	0.0106959	0.185815	0.0184387	-0.00868919	-0.0487155	-0.0824413	-0.0203865	0.047305	0.0572299	-0.00754363	0.216146	0.0137532	0.00126902	-0.0459154	-0.000584875	0.0699567	0.0610247	-0.0844326	0.0755894	-0.00232236	-0.125373	-0.0434018	-0.0787585	-0.125111	-0.0820992	0.0319004	0.00338839	-0.160621	-0.121659	0.0787625	-0.0667361	0.077238	-0.0823608	0.0321084	-0.0977191	-0.0892648	-0.0624532	-0.0703284	0.0110466	-0.0744757	-0.0249167	0.179317	-0.0723276	0.090376	-0.0792547	-0.136166	-0.0556402	-0.11732	-0.155236	0.0988121	-0.0860823	0.0776461	-0.0336099	-0.113125	-0.0939045	0.0389691	-0.0396727	-0.0645559	0.195443	0.00602295	0.045799	-0.0603375	0.16646	0.0496576	-0.0750336	-0.0383587	-0.0780405	-0.105567	0.00607808	0.124236	0.0325247	0.132929	0.114358	-0.0804247	-0.0749295	0.0382371	-0.0974133	-0.021277	0.0492944	0.155855	-0.0129699	-0.0901753	-0.0414062	-0.00476801	0.00728393	-0.0963835	-0.0256795	-0.0742019	-0.073185	0.0102909	-0.0706557	0.0143957	-0.0653477	0.0682325	-0.13188	0.0029979	0.020371	-0.0697041	-0.0581005	0.00445548	0.0808116	-0.0738859	0.0481542	-0.0298418	0.0560514	-0.0803182	-0.00148245	-0.0622622	-0.0505478	-0.137335	-0.0423991	-0.0744496	-0.098222	0.0272746	-0.0820591	-0.089373	-0.0192775	-0.0727597	0.0530479
-0.00839462	-0.0351476	-0.026234	-0.0562992	0.106203	-0.0191418	-0.0789731	-0.05004	0.0114339	0.0623476	1.14814	0.0832733	-0.0462213	-0.117351	0.0102946	0.159556	-0.0160971	0.0861232	0.0153558	0.0327349	0.108366	-0.0790851	-0.118213	-0.0040946	0.0482106	-0.127661	-0.0669561	-0.0207127	0.057691	-0.00882145	-0.0761242	-0.0819727	0.0606515	-0.00991133	0.110872	-0.0129458	0.0996857	0.0711999	0.148233	0.00249208	-0.0455092	0.0329418	-0.0714582	-0.104974	-0.0992183	-0.00566772	-0.0610248	0.0238406	-0.0202598	0.0353195	-0.0621928	-0.0931401	0.164131	0.175808	0.00231244	0.0940965	0.0482782	0.0567951	-0.10506	-0.0570453	-0.0337753	-0.0137911	0.0270255	0.132232	0.0493943	0.0652143	-0.085568	-0.0951407	-0.0327377	0.0269394	0.0950335	-0.13127	0.0142735	-0.00465903	0.0140673	0.0352402	-0.0569054	0.0105342	0.119361	-0.0917587	0.0987927	-0.0214525	0.0298948	-0.106241	-0.0675874	0.00942195	0.0903517	-0.0213409	-0.0327018	-0.106095	0.0368744	-0.0449128	0.0831286	-0.109808	-0.0744061	0.0759749	0.021558	0.0475439	-0.0609283	0.0937312	0.0536799	-0.0527054	0.00190165	-0.0435438	-0.06967	0.0610603	0.097176	0.0670473	0.143277	0.0990724	-0.0264949	-0.141904	-0.0581608	-0.103459	-0.0819353	-0.0849771	0.167253	-0.0316077	-0.0315209	-0.0334055	0.13718	-0.14518	-0.0275492	-0.0678978	-0.0907753	0.0310972	-0.0645273	-0.0463535	0.00520228	0.00312641	0.0171483	-0.0382598	-0.047465	-0.0565531	-0.0906794	-0.0861805	-0.0778164	0.0500192	0.0274341	-0.0527034	-0.0449489	0.143564	-0.0800372	0.0512453	0.00655313	-0.0679133	-0.0404874	-0.0785883	-0.00983226	-0.0212801	-0.0668931	-0.111046	-0.0390883	-0.043228	-0.115277	-0.0798206
0.0716546	-0.1479	0.0768024	-0.0886973	-0.0422567	0.0886152	0.082945	-0.0496894	0.0924278	-0.149988	0.0832733	1.12673	0.0729347	-0.0109481	-0.0808198	-0.00237997	0.0314856	-0.00995563	-0.0239164	-0.112646	-0.0264914	0.00165821	0.0969874	-0.191394	-0.0400108	-0.0284036	0.188519	0.0523971	0.0672795	0.00491585	-0.0438551	-0.0225345	-0.0549754	0.00401901	0.041569	-0.0670645	-0.0645867	-0.0530695	0.0278143	0.0693452	0.012156	0.12632	-0.0329514	-0.112883	0.0294618	0.0183388	0.0195998	-0.131272	0.094107	-0.0210965	0.125395	-0.043564	0.0439497	0.0121307	0.114496	-0.0241174	-0.138783	0.102161	-0.0131689	-0.0371869	0.192619	0.0483374	-0.0799443	-0.0587558	0.0584673	0.0442436	0.0268672	0.0870761	-0.177165	0.147274	-0.0562377	-0.161529	0.066161	0.0441281	0.132319	0.125809	0.0980698	0.0462797	-0.0208244	0.0492157	-0.116357	0.112034	0.0034582	-0.0449275	0.0308207	0.00843478	-0.115347	0.0566263	-0.0204372	-0.034557	0.136691	0.00598507	-0.0140849	-0.0554663	0.114177	-0.10776	-0.120974	-0.102317	0.00325821	-0.124739	-0.00417692	-0.00864863	0.0605674	0.036804	-0.0219899	-0.108911	-0.116672	-0.148969	-0.145357	-0.0709893	0.0332651	-0.133399	0.0894648	-0.106223	-0.0407163	-0.0882884	-0.103416	-0.147512	0.0211672	-0.171221	-0.00384806	-0.000316079	-0.0381443	-0.0173654	-0.0431815	0.0911585	-0.141778	-0.131009	-0.0596483	0.0569696	-0.0135898	0.108644	0.0695615	-0.0387337	0.110769	-0.0845212	-0.0460107	-0.0945265	0.0731503	-0.0550283	-0.0507866	-0.0517919	-0.011385	-0.146399	0.108666	0.00906772	0.0606058	-0.0605356	0.000620507	0.205128	-0.0854881	0.063932	0.153124	0.1682	-0.0718517	-0.208202
0.0568211	-0.0443062	0.0180868	-0.0280166	-0.0299684	-0.0525771	0.0740492	0.0696444	0.0502942	-0.110386	-0.0462213	0.0729347	1.20358	-0.0315348	0.10038	0.0164319	0.0472287	-0.0146665	0.0305361	-0.107005	0.0533467	-0.0164023	0.0326384	-0.0869133	-0.118038	-0.00980608	-0.00835241	-0.030905	-0.0313534	0.0692436	-0.133933	0.0481755	-0.0938823	0.132503	0.0661625	-0.085213	-0.093388	-0.0879428	-0.00294061	0.0294767	-0.0381069	-0.0283121	-0.0666362	0.0260862	-0.0653561	0.0312751	0.0157444	-0.0874762	-0.0901908	-0.175114	0.0225965	-0.026996	0.0559942	-0.0829587	0.276722	0.0307224	0.254693	0.0277789	0.255014	0.0509409	0.0540259	0.00657077	-0.0533756	-0.0233847	-0.0545034	-0.0382597	0.0673556	0.0469318	-0.00471418	0.0457192	0.00965419	-0.0361947	0.00419791	0.0400126	-0.140863	0.0864593	0.0199176	0.0118145	-0.170461	0.160961	-0.0662911	0.137312	0.00315195	-0.00233917	-0.062189	0.117183	0.0158529	0.0253313	-0.0741359	-0.11431	0.0922428	0.0369656	0.00823136	-0.0732586	-0.0993349	-0.0635937	0.0545871	-0.00370135	-0.0383546	-0.0461433	0.0206659	0.0593584	-0.0763106	0.00914691	-0.0049874	0.0134634	0.151819	0.0303881	-0.136239	-0.0797827	0.0514976	-0.133267	-0.0573417	-0.036526	0.00972865	-0.0308106	-0.0721014	0.045209	-0.0505895	-0.129203	-0.0132604	-0.0350838	-0.0610692	0.00427571	-0.0153695	-0.0694121	0.00285137	-0.0601521	-0.0823711	-0.0148342	-0.125484	0.101276	-0.0155566	-0.00881753	-0.0162885	0.0199371	-0.0936698	-0.11612	0.0207123	-0.0626329	0.0616305	-0.125424	-0.0469359	0.105484	0.0326569	0.00317862	0.0200672	-0.0418606	-0.0985948	-0.0675291	0.107518	0.00760204	0.0294951	0.0925154	-0.10953	-0.0809251
0.00184002	-0.190425	0.0899031	0.092212	-0.0585415	0.12273	0.0399322	0.0464199	0.00471371	0.0451345	-0.117351	-0.0109481	-0.0315348	1.22326	0.112424	-0.144119	0.0406092	-0.140059	-0.0193132	0.00345982	-0.0251518	0.00851476	0.0575389	-0.0520656	0.0223013	-0.0829365	0.130214	0.0837642	-0.123071	0.122657	0.0228121	0.133463	-0.122239	-0.066712	-0.00982681	-0.0369136	0.0305515	-0.0891575	-0.00964873	-0.00589422	-0.00901821	0.0116766	-0.0975101	-0.0960972	0.28821	0.154224	0.0600425	0.0166399	0.0201014	-0.0806925	0.154526	0.0155928	-0.137229	-0.0550945	-0.146508	-0.130022	0.0277032	-0.0297113	-0.0357284	-0.0688172	0.00219783	-0.0284631	-0.0889902	-0.0940508	-0.0591908	-0.0695365	0.074124	-0.017812	-0.066843	0.0782689	-0.0958945	0.00319267	-0.052597	-0.118665	-0.000427052	-0.0302885	0.0145685	-0.0193488	-0.0673317	-0.0726282	-0.00628705	-0.0637276	0.00434903	0.0797132	0.0327749	0.0113232	-0.101931	-0.00591512	0.0230043	0.0914453	-0.0656059	0.127613	0.0141336	0.00179344	0.0728407	-0.130446	-0.121055	-0.0665913	0.0515795	-0.0966991	-0.107973	-0.0325206	-0.00438831	-0.00648949	-0.0493745	0.103253	-0.106753	-0.203679	-0.120929	0.108565	0.0769312	0.0684387	-0.0056194	-0.0462458	0.0301623	-0.0382344	-0.0512478	-0.107351	-0.033704	-0.0687475	-0.0310454	-0.0136516	0.0671831	0.0311766	0.156874	-0.0314023	-0.0965668	0.0762019	0.0575475	-0.0187908	-0.0200497	-0.0206096	0.00143745	0.0977602	0.0541336	-0.00730536	0.0827306	-0.0514958	-0.0669299	0.0193894	-0.167749	-0.00401355	-0.0495022	-0.0528583	0.0965832	0.151396	0.00858844	0.0670865	-0.059608	0.164724	0.118432	0.0284208	0.0108079	0.0606664	-0.0799915	-0.0571971
0.0340297	-0.104806	0.0559556	-0.0511796	-0.0827259	-0.00880134	-0.122262	0.0837861	0.141809	-0.0720631	0.0102946	-0.0808198	0.10038	0.112424	1.04549	-0.0653437	0.0851046	-0.00554309	0.0699326	-0.028895	-0.0496898	-0.104734	-0.0485153	-0.0908481	0.00582305	-0.0872353	-0.0270833	-0.0726854	-0.0926275	0.0856459	-0.0600069	0.0696355	-0.138987	0.0275132	0.0593949	-0.0333098	-0.0338703	-0.0540663	-0.129466	0.0580041	0.0327566	-0.0620557	-0.0170716	-0.134785	0.0729878	0.160806	0.0449299	-0.131696	0.0128113	-0.117142	-0.0148837	0.121724	-0.0622418	-0.0920711	0.0204368	-0.0597878	0.0386268	0.0022506	-0.0132997	0.0602387	0.0844947	-0.0182766	0.0235617	-0.0895493	0.0391075	-0.0479961	-0.0182042	0.0217039	-0.104063	0.105555	-0.0790983	-0.0187612	0.00527365	0.0108748	-0.0375386	0.0744803	-0.0403552	0.101994	-0.0294686	0.0486498	0.0159441	0.0662819	0.0482699	0.031814	-0.0525542	0.0429923	0.00781781	0.0178563	-0.0703995	-0.0632488	-0.0657855	0.0581567	-0.0728015	0.00420563	0.0660177	-0.0298751	-0.102085	-0.0801748	-0.0537915	-0.118712	-0.103264	-0.00179847	0.00445241	-0.0311853	-0.0459382	0.260145	-0.0119836	-0.0241547	-0.111244	-0.0248778	0.0617877	-0.0134676	-0.089599	0.0361098	-0.0179756	-0.0264377	-0.0463386	-0.118973	-0.0030885	-0.0987738	-0.00357656	-0.0216443	0.0747419	-0.0755752	0.142817	-0.0328712	-0.0129276	-0.0812477	-0.00553861	0.0275796	-0.050221	0.00114782	0.0447868	-0.0243167	0.0342692	0.1963	0.0955776	-0.0791024	-0.0324132	-0.0924578	-0.141455	-0.109109	-0.0981173	0.087625	-0.0451785	0.175996	0.0493061	0.0601824	-0.00164846	0.0788597	0.217065	0.0266301	-0.00377602	0.154667	-0.0727491	-0.0130577
-0.0729657	0.00986894	-0.0243347	-0.0675136	0.0751471	-0.0690376	-0.156346	-0.0329136	0.0591134	0.233393	0.159556	-0.00237997	0.0164319	-0.144119	-0.0653437	1.17808	-0.128494	0.181924	0.0765849	0.0512171	0.246335	-0.0945924	0.0400892	0.0442363	0.114808	-0.0150327	-0.0767442	-0.0466225	0.0640336	-0.040826	0.0264778	-0.127708	0.0558727	-0.027743	0.125176	-0.0546718	0.00583185	0.0287249	0.187544	0.0116552	-0.0215182	-0.112962	-0.0847808	-0.088775	-0.199104	0.00117856	-0.0445309	0.177775	-0.00600773	0.19408	-0.0983999	-0.0490899	0.104882	0.289271	0.144611	0.158144	-0.00656991	0.0279047	-0.00523462	-0.0700243	0.0401331	-0.178549	0.0399648	0.103322	-0.000964568	-0.0459419	-0.0108028	0.00196002	-0.0207124	-0.056793	0.0360385	-0.0264242	-0.058909	0.196159	-0.0898274	0.0565665	-0.0721676	-0.134022	0.211959	-0.0881204	0.204744	-0.00226983	-0.113804	-0.0816622	-0.109132	-0.00749095	0.109392	-0.113956	-0.0331212	-0.124938	-0.0369616	-0.0560568	0.0363802	-0.066245	-0.085563	0.208195	0.0448786	0.00272264	-0.0803696	0.142122	0.00720023	0.0251182	-0.0881993	-0.132521	-0.0310318	0.0483102	0.268893	0.0563019	0.123352	0.188853	-0.151937	-0.147399	-0.027016	-0.0682396	0.0102295	-0.0252004	0.310188	-0.0404689	0.0407407	-0.0223578	0.0514394	-0.0161087	-0.0411206	-0.123332	-0.146208	0.0139949	-0.112314	-0.159867	-0.0150291	-0.101181	0.13867	-0.151813	0.055701	0.0889708	-0.162489	-0.118311	-0.146837	0.0979609	-0.095122	-0.00973471	-0.0830083	0.0963037	-0.0759033	0.0559684	-0.134232	-0.200188	-0.074905	-0.204981	-0.014319	-0.184333	-0.0495033	-0.16614	-0.0503091	0.041781	-0.0211932	-0.146642
0.115757	-0.0480909	0.0208146	0.110603	0.0108823	-0.0363546	0.0789053	-0.0491071	-0.0332346	0.0320702	-0.0160971	0.0314856	0.0472287	0.0406092	0.0851046	-0.128494	1.01848	-0.0931699	-0.0110004	-0.055638	-0.107713	-0.0354454	0.0393993	-0.11566	-0.0663289	0.0647325	0.00748018	-0.0193943	0.0355084	0.0975432	-0.0583949	-0.00967954	-0.126337	-0.000688237	-0.0184627	-0.0299473	-0.0435648	-0.00831589	-0.082998	-0.0594257	0.0152649	0.014391	0.0342643	0.0388157	0.0586498	-0.0624565	-0.0376746	-0.131428	0.06937	-0.0786562	0.076579	0.0304692	-0.105869	-0.121261	-0.0192851	-0.105082	-0.0922164	-0.0394112	0.022395	0.0807231	-0.02223	0.142887	-0.0116055	-0.0872496	0.0585239	-0.0512183	-0.0178673	0.134319	0.0185571	-0.0826691	0.00256746	-0.160747	0.157258	0.0704371	0.0503741	0.0732951	0.0427899	0.0242281	0.0153881	0.03418	-0.0942299	0.103245	-0.0299172	0.0238445	-0.0616886	-0.0924009	-0.0855957	0.116074	0.000975158	-0.0526233	-0.0224809	-0.0410087	0.078386	0.0535813	0.0389083	-0.0680695	-0.120318	-0.068118	0.0235634	-0.163001	-0.00327624	0.009311	0.0950943	0.038157	0.0159024	-0.0364157	-0.139035	-0.131745	0.00666391	-0.125976	0.110669	0.0634618	0.149009	-0.00083035	-0.0418386	0.0187549	-0.166133	-0.12524	-0.010559	0.0346061	-0.0646961	-0.0066663	0.0746814	0.0296063	0.107872	0.00158571	0.0801831	-0.0966735	-0.0205331	0.0435331	0.0271587	0.0758875	-0.0810525	-0.0429278	0.023881	0.0796302	0.0881609	-0.130665	0.00846672	-0.0066596	-0.0119217	-0.0702025	-0.0503122	-0.119418	0.0613729	0.0473904	-0.0781572	0.111314	-0.085136	0.0819922	0.0159278	0.019486	-0.056591	0.0400388	-0.100192	0.0520558
-0.0232058	0.0253249	-0.0219093	-0.0546782	0.0493186	-0.0639952	-0.0727026	-0.117314	0.000226167	0.118057	0.0861232	-0.00995563	-0.0146665	-0.140059	-0.00554309	0.181924	-0.0931699	0.904849	0.058244	0.000677569	0.13153	-0.0540239	-0.00714803	0.0119032	0.0996583	-0.00429314	-0.047749	-0.0476078	0.116419	-0.048929	-0.102432	-0.057633	0.136212	-0.0543283	0.0386435	0.027876	0.00508974	0.127566	0.079631	0.106632	-0.0272964	-0.0902361	-0.0174014	-0.0680569	-0.156718	-0.0302862	0.0198084	0.088186	-0.00302779	-0.0495506	-0.0866499	-0.00119718	0.0677002	0.215566	0.0317462	0.136608	0.0354628	0.0819425	-0.0516045	-0.0639393	0.0404262	-0.105299	0.0989076	0.0197946	-0.0899805	-0.0440033	-0.0317454	-0.00607809	-0.0822086	-0.0331004	0.0279818	-0.0911293	0.00485519	-0.0312765	-0.0694807	0.0708078	0.0220534	-0.052019	0.0558182	-0.0290801	0.0108652	0.00258207	-0.0633223	-0.113962	-0.0821321	-0.0370743	0.157351	0.101601	-0.0533235	-0.114177	-0.00460329	-0.050491	0.0502724	-0.0901707	-0.0929201	0.05003	0.054107	0.0379571	-0.017504	0.163954	0.0485858	0.0154116	-0.0364179	-0.0543897	-0.0446299	0.000837223	0.164943	0.0239444	0.0681806	0.0280516	-0.0663663	-0.0327118	0.0141948	-0.0911466	0.0511293	0.0202697	0.243031	-0.0442966	-0.111261	-0.0109659	0.107797	-0.0181338	-0.132472	-0.117671	-0.0954901	0.0357218	-0.0327288	-0.0819662	-0.0289622	-0.00727595	0.0280474	-0.126949	-0.0514841	-0.0247708	-0.0542819	-0.0518912	-0.134927	0.0685525	0.0602795	-0.00412147	-0.076893	0.0895973	-0.0191119	0.0236403	-0.010813	-0.100406	-0.129797	-0.0764545	-0.0787248	-0.128757	0.0971516	-0.00226519	0.0456438	0.0155839	-0.0265864	-0.0638664
-0.064487	-0.0747307	-0.0371058	0.0650768	0.148302	-0.142143	-0.0254352	-0.029294	-0.03416	0.217614	0.0153558	-0.0239164	0.0305361	-0.0193132	0.0699326	0.0765849	-0.0110004	0.058244	1.00877	0.0223153	0.0840464	-0.113317	-0.0105526	0.0453113	0.0771096	-0.0315341	-0.0392853	-0.0293721	0.0869509	0.00978668	-0.104434	-0.032477	0.0592057	0.0638278	0.195627	-0.0832818	0.0338512	0.0145656	0.0373103	0.0569337	-0.0621114	-0.0621068	-0.110038	-0.0784181	-0.043064	0.0434269	-0.140518	0.134799	-0.0447328	-0.0226709	-0.0565358	0.0283044	0.165031	0.0449749	-0.13994	0.131892	-0.0375445	-0.113372	-0.0814753	0.0028131	-0.0643367	-0.12871	0.0773789	0.0704482	-0.147254	-0.115913	-0.0337799	0.0401727	-0.106704	0.0760158	0.00984291	-0.0201023	-0.074269	-0.130065	-0.0857019	0.36256	-0.00998059	-0.018096	0.104631	-0.00885972	0.115508	-0.0127292	-0.0763386	-0.0232738	-0.141267	-0.0156771	0.130008	-0.0923702	-0.0366509	-0.0729033	-0.0823791	-0.0329209	0.0421795	-0.0762783	0.0354435	0.156511	0.0322301	0.0903332	-0.0951468	0.201692	0.000905554	-0.0969835	-8.90848e-05	-0.0272851	-0.091691	0.0898927	-0.00207471	0.0258506	0.030065	0.0437234	-0.0288168	0.00862193	-0.00876045	0.0176928	0.0362754	-0.06475	0.1978	-0.115805	-0.0787666	-0.135409	-0.0141307	-0.0800799	-0.0998201	-0.0785678	0.0757093	-0.0195845	-0.0217747	-0.0250875	-0.00314759	-0.118754	0.0479504	-0.0796624	-0.0640629	-0.0744934	-0.019888	0.0390193	0.0322196	0.125809	0.0301775	-0.050434	-0.0736147	0.082134	-0.0693179	0.0303988	-0.0573089	0.0530106	0.0390395	-0.0328643	-0.0592672	-0.0389599	-0.019017	-0.10623	-0.120335	0.0632589	-0.0532942	-0.0317032
0.073433	-0.0709552	0.110119	-0.0144673	-0.0295358	0.0427207	-0.1039	-0.0087933	-0.0292252	0.00681462	0.0327349	-0.112646	-0.107005	0.00345982	-0.028895	0.0512171	-0.055638	0.000677569	0.0223153	1.20548	0.0781498	-0.108882	-0.029893	0.138416	0.13253	-0.0729344	-0.0487761	0.0709596	-0.045594	0.0234106	0.0309699	-0.0294567	-0.0463025	-0.00572067	0.00522339	0.0534221	-0.0246365	-0.00294433	0.0560415	-0.0052621	-0.0102389	-0.0197073	-0.0984848	-0.117387	-0.0141355	-0.0143363	0.0358093	0.0812419	-0.0617268	0.0748282	-0.0490088	-0.0102207	-0.0424263	0.0337801	-0.0908074	0.0497922	-0.0983393	-0.0632651	-0.0630733	0.144562	-0.00325552	-0.0737724	0.015788	0.0330876	0.121086	-0.0187006	-0.0232288	-0.0968175	-0.018038	0.134765	-0.0556045	0.0995342	-0.0480766	-0.0240934	-0.019171	-0.000391911	0.0849049	-0.108587	0.000540602	-0.0339129	0.0138408	-0.123719	-0.0428939	0.0232555	-0.073613	-0.0405553	0.120925	-0.0596608	-0.0650801	0.0706764	-0.0684558	-0.0448156	0.0412224	0.00612997	-0.00589931	0.00931544	-0.0302599	-0.02978	-0.131282	-0.00611316	-0.118873	-0.120508	-0.116613	-0.0327677	-0.0632743	0.0447088	0.0400202	-0.0395876	0.157956	0.0537474	-0.0153214	0.0116766	0.0976474	-0.0280139	-0.0911643	-0.136006	0.223399	-0.0484102	0.302956	-0.0873248	0.0946047	0.059978	0.0223747	-0.0148079	0.0368316	0.00920669	-0.0988415	0.0469489	0.113199	-0.0395032	-0.0501624	-0.102368	0.0358908	0.0145559	0.0104786	-0.0792992	0.0185639	0.00782115	-0.0927484	0.0607903	-0.149404	0.0472493	-0.0706477	-0.0647956	-0.0197717	-0.0290538	-0.120096	-0.0693524	0.14019	-0.00634515	-0.0195653	-0.0220708	0.0476729	-0.0145642	-0.0335294	-0.0787081
-0.0692279	-0.0281171	-0.0152581	0.0110761	0.128438	-0.0772149	-0.107106	-0.0475383	-0.0127012	0.184879	0.108366	-0.0264914	0.0533467	-0.0251518	-0.0496898	0.246335	-0.107713	0.13153	0.0840464	0.0781498	1.18944	0.0124086	-0.108199	0.085968	0.18223	-0.137357	-0.0782392	0.129933	0.0444678	-0.00493273	-0.0945075	-0.0330374	0.101612	-0.011996	0.144168	-0.0674725	0.0479413	0.0454873	0.0181008	0.0116631	0.0930427	-0.135206	-0.0370779	-0.0638278	-0.0613735	-0.0503714	-0.0944953	0.184315	-0.0655882	0.0401636	-0.0121879	-0.118875	0.113174	0.0768705	0.113186	0.0732806	0.113331	-0.0182881	0.05214	0.00470013	-0.00357649	-0.0821593	0.00755491	0.0702594	-0.0681575	-0.0693633	-0.0305204	-0.0297385	-0.0177875	-0.108612	0.0438463	-0.0729163	-0.0593185	0.0578914	-0.0771671	0.0429549	-0.09612	-0.0732684	0.196293	-0.125448	0.117729	-0.023391	-0.0563126	-0.0987721	-0.131857	0.124494	0.156951	-0.214011	-0.0197066	0.0174776	-0.013224	0.0689044	0.0594763	-0.0198239	-0.075602	0.0877041	-0.00241605	0.0897621	-0.127561	0.150568	-0.0326371	-0.0725229	-0.0798018	-0.113227	0.0109584	0.0697755	0.331261	0.0934792	0.115735	0.132049	-0.109783	-0.110668	-0.125861	-0.0040357	-0.115514	-0.051831	0.227827	0.0462982	0.0126222	0.00992092	0.0291804	-0.0723858	-0.130563	-0.119013	-0.138472	-0.0813372	-0.0387484	-0.111806	-0.00391725	-0.113279	0.00853211	-0.0145998	0.00550074	-0.0656455	-0.0781938	-0.149783	-0.121885	0.0621686	-0.163723	0.0195909	-0.0545659	0.101792	-0.0439065	0.062423	-0.148903	-0.0256573	-0.143612	-0.0341224	-0.0243574	-0.0134298	0.031521	-0.0482535	-0.078902	-0.024472	-0.0454246	-0.17846
0.0554085	0.0144222	0.00403743	0.0537413	-0.00185275	-0.0896841	0.0856093	0.0102079	-0.0285565	0.0520617	-0.0790851	0.00165821	-0.0164023	0.00851476	-0.104734	-0.0945924	-0.0354454	-0.0540239	-0.113317	-0.108882	0.0124086	1.0779	0.0907489	-0.0603321	-0.0679277	0.0103899	0.0872654	0.0604644	-0.109229	-0.00894201	-0.0490128	0.00126995	-0.0226447	0.014896	0.0428016	0.032092	-0.0838695	0.0300938	-0.101184	-0.0798111	0.031082	-0.0613842	-0.000139589	0.0374295	0.0821859	0.00561637	0.0438038	-0.068478	-0.0195625	-0.0602656	-0.0613184	-0.0476478	-0.0381436	-0.14241	-0.0222045	-0.0628823	0.0118196	0.0262756	0.072997	0.0787086	-0.136525	0.19269	-0.00904514	-0.00320465	-0.122546	0.0180068	0.0352007	-0.0752463	0.0886828	-0.066869	-0.0619354	-0.106075	0.0299305	-0.0382097	0.0245991	-0.175789	0.0776472	0.0884863	-0.0476378	0.056415	-0.0872782	-0.0247331	-0.0648325	-0.0173987	0.104077	-0.113422	-0.0807704	-0.00299816	0.0620006	0.0104559	0.0562851	-0.00788737	-0.0714465	-0.100398	-0.0983209	-0.072744	0.0568407	-0.0615587	0.112593	-0.131213	0.0280838	0.0264635	0.0248519	0.105871	-0.0205896	-0.134303	-0.0715516	0.0184259	-0.0584099	0.018225	0.0413529	0.0136343	-0.0473155	0.062952	0.00563863	0.126206	-0.221129	0.0570533	0.0670127	0.0951299	-0.0759255	0.0778429	-0.0536378	0.000590486	-0.0395134	-0.0329901	0.0907213	-0.0217689	0.042802	0.0256433	0.0011953	0.0524334	0.0519076	-0.00823475	0.0534996	-0.0105355	0.0745475	-0.0849203	-0.00502944	0.00494482	0.0606314	-0.0654011	0.0921245	-0.013403	0.0456925	0.0464517	0.0703514	-0.00106894	-0.0386114	0.0367227	-0.0276163	0.137142	0.0325859	-0.0980118	-0.0343491	-0.015859
0.214867	-0.161071	-0.0317653	-0.000877711	-0.0277968	0.0890504	0.066945	-0.0517186	0.0835085	-0.0310771	-0.118213	0.0969874	0.0326384	0.0575389	-0.0485153	0.0400892	0.0393993	-0.00714803	-0.0105526	-0.029893	-0.108199	0.0907489	1.19931	-0.0943762	-0.0891991	-0.103356	0.101166	0.210657	0.00982767	-0.0781742	-0.0231214	-0.106059	0.00959478	-0.0453985	-0.0446992	0.0185433	-0.0588492	0.0196926	-0.0790252	-0.0363748	-0.0263703	0.0784843	-0.0464286	-0.0791695	-0.0075129	0.0638524	0.056593	-0.107165	0.0383659	0.0273891	-0.00972996	0.169551	-0.155633	0.0986885	0.0045928	-0.0206496	-0.146476	0.0357836	0.0341824	0.0151572	0.12808	-0.0376229	-0.0421185	-0.166265	-0.102051	-0.0575668	-0.0374579	0.0798527	-0.118389	-0.0992987	-0.0571076	-0.115676	0.0116101	0.0694267	0.012986	0.0864795	0.124573	0.0382041	0.0485908	-0.109815	-0.0947592	0.0491061	-0.0855836	0.122646	0.214136	-0.0978544	-0.105004	0.158536	-0.0334406	0.0499587	0.079726	0.105025	-0.10889	-0.0277445	0.0531853	-0.133793	-0.146107	-0.0695534	0.13576	-0.16561	-0.0307122	-0.0153909	0.00986837	-0.0475939	0.154237	-0.144712	-0.207442	-0.140591	-0.100809	-0.0582054	-0.037829	-0.00458993	0.142305	0.0722428	0.0458848	-0.0562797	-0.181795	-0.13521	0.0159734	-0.0311071	0.00356245	0.0993971	0.0665955	0.0256748	0.0607873	0.0270479	-0.0734315	-0.0493137	-0.00371249	0.0093353	0.0644055	-0.0239041	0.0714657	0.10162	0.0542868	-0.0399389	0.0302436	-0.0767895	-0.0911066	0.117087	-0.155728	0.110688	-0.063853	-0.178088	0.0781669	0.0576067	-0.0538684	-0.0124791	-0.0544682	-0.0161351	-0.0142444	0.0974509	-0.00101573	0.166952	-0.0318096	-0.108476
0.0258672	-0.0113573	-0.0715686	0.0531111	0.102915	0.132566	0.0616893	0.0211088	-0.0672745	-0.00618706	-0.0040946	-0.191394	-0.0869133	-0.0520656	-0.0908481	0.0442363	-0.11566	0.0119032	0.0453113	0.138416	0.085968	-0.0603321	-0.0943762	1.29914	0.0589629	0.0203144	0.0159537	0.013427	0.0212419	-0.108729	-0.10866	-0.0642691	0.138523	-0.0946588	-0.0252123	0.0125575	0.0153029	0.00800019	0.0128808	-0.00714307	-0.11517	-0.101526	-0.0763091	0.0063243	-0.10224	-0.0577458	-0.0985062	0.132962	-0.0447188	-0.0130357	-0.0282471	-0.121038	-0.0243308	-0.00148648	-0.158258	0.0643872	0.0650254	-0.103657	-0.133034	0.0632385	-0.0755503	-0.0236029	0.0610749	0.175965	0.046972	-0.0823961	-0.0648936	-0.0112877	0.017536	-0.169106	0.114837	0.0248959	-0.0553889	-0.073713	-0.155702	0.0227538	-0.108249	-0.034259	-0.00531162	-0.054655	0.127564	-0.0628672	-0.0824407	-0.0607419	0.00931911	0.0322912	0.106109	-0.0522762	-0.125902	-0.0077796	-0.115261	0.0241404	0.0741276	-0.0651781	-0.138387	0.0621001	0.0554329	0.070063	0.0380375	0.207336	0.206304	-0.0475548	-0.0512197	-0.142862	-0.0693767	0.0871206	0.0296733	0.146244	0.159686	0.0261445	-0.0642925	-0.00379967	0.0735387	0.0470359	-0.122868	-0.0785096	0.362539	-0.0200362	0.151788	-0.0544812	0.12979	-0.12766	-0.0589935	-0.0630721	-0.0539837	-0.0746405	-0.0570962	0.0904348	0.178807	-0.0694379	0.0943475	-0.0259555	-0.158868	-0.0313261	-0.0713223	-0.0394261	-0.0436412	0.0681953	-0.110058	0.0891662	-0.0654643	0.187926	-0.0192069	0.0507858	-0.117269	0.131298	0.0385272	-0.0391771	0.144418	-0.13852	-0.0800488	-0.0565598	-0.00464099	-0.195351	-0.0189835	-0.00599165
